000000000000000000000000000
000000000000000000000000000
000000000000000000000000001
000000000000000000000000100
000000000000000000000001000
000000000000000000000001110
000000000000000000000010100
000000000000000000000011100
000000000000000000000100110
000000000000000000000101111
000000000000000000000110111
000000000000000000000111101
000000000000000000001000001
000000000000000000001000100
000000000000000000001000101
000000000000000000001000101
000000000000000000001000100
000000000000000000001000100
000000000000000000001000101
000000000000000000001000111
000000000000000000001001011
000000000000000000001001111
000000000000000000001010110
000000000000000000001011101
000000000000000000001100101
000000000000000000001101011
000000000000000000001110001
000000000000000000001110011
000000000000000000001110101
000000000000000000001110101
000000000000000000001110011
000000000000000000001110000
000000000000000000001101110
000000000000000000001101101
000000000000000000001101110
000000000000000000001110000
000000000000000000001110100
000000000000000000001111010
000000000000000000001111111
000000000000000000010000011
000000000000000000010000110
000000000000000000010000110
000000000000000000010000110
000000000000000000010000011
000000000000000000010000000
000000000000000000001111011
000000000000000000001110101
000000000000000000001110000
000000000000000000001101100
000000000000000000001101010
000000000000000000001101010
000000000000000000001101011
000000000000000000001101110
000000000000000000001110001
000000000000000000001110011
000000000000000000001110100
000000000000000000001110011
000000000000000000001110000
000000000000000000001101011
000000000000000000001100110
000000000000000000001011111
000000000000000000001011011
000000000000000000001010111
000000000000000000001010110
000000000000000000001010100
000000000000000000001010110
000000000000000000001011000
000000000000000000001011100
000000000000000000001100000
000000000000000000001100011
000000000000000000001100101
000000000000000000001100101
000000000000000000001100011
000000000000000000001100000
000000000000000000001011011
000000000000000000001010110
000000000000000000001010001
000000000000000000001001110
000000000000000000001001101
000000000000000000001001110
000000000000000000001001111
000000000000000000001010010
000000000000000000001010101
000000000000000000001010111
000000000000000000001011001
000000000000000000001011000
000000000000000000001010110
000000000000000000001010010
000000000000000000001001110
000000000000000000001000111
000000000000000000001000000
000000000000000000000111010
000000000000000000000110101
000000000000000000000110010
000000000000000000000110001
000000000000000000000110010
000000000000000000000110100
000000000000000000000110111
000000000000000000000111000
000000000000000000000110111
