000000000000000000000000000
000000000000000000010101010
000000000000000001010100111
000000000000000010100001110
000000000000000011010110011
000000000000000011101101100
000000000000000011101110111
000000000000000011100100110
000000000000000011010110111
000000000000000010011110110
000000000000000000010011101
111111111111111101110000001
111111111111111011111101111
111111111111111011000111110
111111111111111010111101100
111111111111111011001010101
111111111111111100001010000
111111111111111110011101110
000000000000000001001000001
000000000000000010111110111
000000000000000011110111110
000000000000000100000100000
000000000000000011111000100
000000000000000011100101010
000000000000000010100111111
000000000000000000011001011
111111111111111101110100001
111111111111111100000001100
111111111111111011001011110
111111111111111011000001110
111111111111111011001111000
111111111111111100001110100
111111111111111110100010001
000000000000000001001100100
000000000000000011000011000
000000000000000011111100000
000000000000000100001000000
000000000000000011111100100
000000000000000010111110101
000000000000000000101100010
111111111111111110000011100
111111111111111100001110010
111111111111111011010111000
111111111111111011001100100
111111111111111011011001101
111111111111111011101110011
111111111111111100101101001
111111111111111110111101000
000000000000000001100011100
000000000000000011010111100
000000000000000100001110111
000000000000000100011010001
000000000000000100001110000
000000000000000011001111110
000000000000000000111101001
111111111111111110010100000
111111111111111100011110100
111111111111111011100110110
111111111111111011011011111
111111111111111011101000011
111111111111111100100111010
111111111111111110111010011
000000000000000001100100001
000000000000000011011010010
000000000000000100010010100
000000000000000100011101111
000000000000000100010001110
000000000000000011111101110
000000000000000010111111111
000000000000000000110000111
111111111111111110001010111
111111111111111100010111110
111111111111111011100001001
111111111111111011010110101
111111111111111011100011010
111111111111111100100010010
111111111111111110110101011
000000000000000001011111001
000000000000000011010101011
000000000000000100001101101
000000000000000100011001010
000000000000000100001101010
000000000000000011001110111
000000000000000000111100010
111111111111111110010010111
111111111111111100011101010
111111111111111011100101100
111111111111111011011010100
111111111111111011100111001
111111111111111011111011100
111111111111111100111001111
111111111111111111001001011
000000000000000001101111100
000000000000000011100011001
000000000000000100011010000
000000000000000100100100111
000000000000000100011000100
000000000000000011011010000
000000000000000001000111010
111111111111111110011101110
