000000000000000000000000000
000000000000000001111101000
000000000000000000110111001
111111111111111110110001001
111111111111111111011101010
111111111111111111001001110
111111111111111111110011010
111111111111111111110101000
000000000000000000000001000
111111111111111100001010001
111111111111111110010000111
000000000000000010100010011
000000000000000001000001111
000000000000000001101111101
000000000000000000010101000
000000000000000000010111011
000000000000000011110100010
000000000000000001100110110
111111111111111101100000101
111111111111111110110000011
111111111111111110011000001
111111111111111111011111011
111111111111111111110000101
111111111111111111111101001
111111111111111100010011110
111111111111111110001101011
000000000000000010101010101
000000000000000000111100111
000000000000000001110100110
000000000000000000010000101
000000000000000000011010100
000000000000000011110001110
000000000000000001101000010
111111111111111101011111011
111111111111111110110001001
111111111111111110010111110
111111111111111111011111011
111111111111111111110000111
111111111111111100000010111
111111111111111110011111001
000000000000000010011001001
000000000000000001010010101
000000000000000001100011111
000000000000000000100001100
000000000000000000001101000
000000000000000000000010100
000000000000000011101011000
000000000000000001110001100
111111111111111101010100110
111111111111111111000001110
111111111111111110001010101
111111111111111111101101111
111111111111111111100101001
111111111111111100001100111
111111111111111110010110111
000000000000000010011111100
000000000000000001001110010
000000000000000001100110111
000000000000000000011111110
000000000000000000001110010
000000000000000011111100011
000000000000000001011111111
111111111111111101100101110
111111111111111110101100011
111111111111111110011011010
111111111111111111011101100
111111111111111111110001111
111111111111111111111100011
111111111111111100010011111
111111111111111110001101101
000000000000000010101010011
000000000000000000111101100
000000000000000001110100001
000000000000000000010001001
000000000000000000011010000
000000000000000011110010001
000000000000000001101000001
111111111111111101011111101
111111111111111110110000111
111111111111111110011000000
111111111111111111011111011
111111111111111111110000111
111111111111111100000010110
111111111111111110011111011
000000000000000010011001001
000000000000000001010010110
000000000000000001100011110
000000000000000000100001100
000000000000000000001101000
000000000000000000000010100
000000000000000011101011010
000000000000000001110001011
111111111111111101010100110
111111111111111111000001110
111111111111111110001010101
111111111111111111101101111
111111111111111111100101001
111111111111111100001100111
111111111111111110010110111
000000000000000010011111100
