000000000000000100000000000
000000000000000100000000000
000000000000000100000000000
000000000000000100000000000
000000000000000100000000000
000000000000000100000000000
000000000000000100000000000
000000000000000100000000000
111111111111111100000000000
111111111111111100000000000
111111111111111100000000000
111111111111111100000000000
111111111111111100000000000
111111111111111100000000000
111111111111111100000000000
000000000000000100000000000
000000000000000100000000000
000000000000000100000000000
000000000000000100000000000
000000000000000100000000000
000000000000000100000000000
000000000000000100000000000
000000000000000100000000000
111111111111111100000000000
111111111111111100000000000
111111111111111100000000000
111111111111111100000000000
111111111111111100000000000
111111111111111100000000000
111111111111111100000000000
000000000000000100000000000
000000000000000100000000000
000000000000000100000000000
000000000000000100000000000
000000000000000100000000000
000000000000000100000000000
000000000000000100000000000
111111111111111100000000000
111111111111111100000000000
111111111111111100000000000
111111111111111100000000000
111111111111111100000000000
111111111111111100000000000
111111111111111100000000000
111111111111111100000000000
000000000000000100000000000
000000000000000100000000000
000000000000000100000000000
000000000000000100000000000
000000000000000100000000000
000000000000000100000000000
000000000000000100000000000
111111111111111100000000000
111111111111111100000000000
111111111111111100000000000
111111111111111100000000000
111111111111111100000000000
111111111111111100000000000
111111111111111100000000000
000000000000000100000000000
000000000000000100000000000
000000000000000100000000000
000000000000000100000000000
000000000000000100000000000
000000000000000100000000000
000000000000000100000000000
000000000000000100000000000
111111111111111100000000000
111111111111111100000000000
111111111111111100000000000
111111111111111100000000000
111111111111111100000000000
111111111111111100000000000
111111111111111100000000000
000000000000000100000000000
000000000000000100000000000
000000000000000100000000000
000000000000000100000000000
000000000000000100000000000
000000000000000100000000000
000000000000000100000000000
111111111111111100000000000
111111111111111100000000000
111111111111111100000000000
111111111111111100000000000
111111111111111100000000000
111111111111111100000000000
111111111111111100000000000
111111111111111100000000000
000000000000000100000000000
000000000000000100000000000
000000000000000100000000000
000000000000000100000000000
000000000000000100000000000
000000000000000100000000000
000000000000000100000000000
111111111111111100000000000
111111111111111100000000000
111111111111111100000000000
111111111111111100000000000
